//	extraxted from http://norvig.com/mayzner.html
//	more at http://storage.googleapis.com/books/ngrams/books/datasetsv2.html

AA	0.00003	79,794,787
BA	0.00146	4,122,472,992
CA	0.00538	15,174,413,181
DA	0.00151	4,259,590,348
EA	0.00688	19,403,941,063
FA	0.00164	4,624,241,031
GA	0.00148	4,175,274,057
HA	0.00926	26,103,411,208
IA	0.00286	8,072,199,471
JA	0.00026	729,206,855
KA	0.00017	478,095,427
LA	0.00528	14,874,551,789
MA	0.00565	15,938,689,768
NA	0.00347	9,790,855,551
OA	0.00057	1,620,913,259
PA	0.00324	9,123,652,775
QA	0.00000	4,298,294
RA	0.00686	19,332,539,912
SA	0.00218	6,147,356,936
TA	0.00530	14,941,000,711
UA	0.00136	3,844,138,094
VA	0.00140	3,946,966,167
WA	0.00385	10,865,206,430
XA	0.00030	834,649,781
YA	0.00016	444,542,870
ZA	0.00025	702,199,296

AB	0.00230	6,479,202,253
BB	0.00011	308,276,690
CB	0.00001	17,751,935
DB	0.00003	78,190,243
EB	0.00027	763,383,542
FB	0.00000	7,730,842
GB	0.00000	13,944,852
HB	0.00004	123,778,334
IB	0.00099	2,780,268,452
JB	0.00000	2,126,115
KB	0.00001	25,406,204
LB	0.00007	188,643,782
MB	0.00090	2,544,901,434
NB	0.00004	122,258,836
OB	0.00097	2,725,791,138
PB	0.00001	36,901,495
QB	0.00000	1,083,443
RB	0.00027	753,194,669
SB	0.00008	223,212,317
TB	0.00003	71,746,167
UB	0.00089	2,497,666,762
VB	0.00000	2,496,014
WB	0.00001	29,929,113
XB	0.00000	2,164,724
YB	0.00004	121,220,723
ZB	0.00000	5,858,211

AC	0.00448	12,625,666,388
BC	0.00002	53,278,096
CC	0.00083	2,344,219,345
DC	0.00003	71,030,077
EC	0.00477	13,457,763,533
FC	0.00001	16,254,390
GC	0.00000	6,455,066
HC	0.00001	34,631,551
IC	0.00699	19,701,195,496
JC	0.00000	3,447,571
KC	0.00000	6,326,022
LC	0.00012	333,338,045
MC	0.00004	121,591,374
NC	0.00416	11,722,631,112
OC	0.00166	4,692,062,395
PC	0.00001	33,156,666
QC	0.00000	1,127,399
RC	0.00121	3,422,694,015
SC	0.00155	4,363,410,770
TC	0.00026	736,955,048
UC	0.00188	5,291,161,134
VC	0.00000	6,570,845
WC	0.00001	19,008,254
XC	0.00026	746,076,293
YC	0.00014	380,670,476
ZC	0.00000	2,100,797

AD	0.00368	10,375,130,449
BD	0.00002	69,761,165
CD	0.00002	62,905,910
DD	0.00043	1,205,446,875
ED	1.168	32,937,140,633
FD	0.00000	13,966,832
GD	0.00003	89,087,728
HD	0.00003	80,544,316
ID	0.00296	8,332,214,014
JD	0.00000	2,615,147
KD	0.00001	18,894,758
LD	0.00253	7,122,648,226
MD	0.00001	18,929,019
ND	1.352	38,129,777,631
OD	0.00195	5,511,014,957
PD	0.00001	33,798,376
QD	0.00000	519,921
RD	0.00189	5,338,083,783
SD	0.00005	148,275,222
TD	0.00001	36,539,510
UD	0.00091	2,577,213,760
VD	0.00000	8,430,332
WD	0.00004	99,767,462
XD	0.00000	168,263
YD	0.00007	192,245,315
ZD	0.00000	1,415,016

AE	0.00012	349,540,062
BE	0.00576	16,249,257,887
CE	0.00651	18,367,773,425
DE	0.00765	21,565,300,071
EE	0.00378	10,647,199,443
FE	0.00237	6,670,566,518
GE	0.00385	10,861,045,622
HE	3.075	86,697,336,727
IE	0.00385	10,845,731,320
JE	0.00052	1,463,052,212
KE	0.00214	6,027,536,039
LE	0.00829	23,382,173,640
ME	0.00793	22,360,109,325
NE	0.00692	19,504,235,770
OE	0.00039	1,089,254,517
PE	0.00478	13,477,683,504
QE	0.00000	572,443
RE	1.854	52,285,662,239
SE	0.00932	26,282,488,562
TE	1.205	33,973,261,529
UE	0.00147	4,158,448,570
VE	0.00825	23,270,129,573
WE	0.00361	10,176,141,608
XE	0.00022	614,533,122
YE	0.00093	2,612,941,418
ZE	0.00050	1,402,290,616

AF	0.00074	2,092,395,523
BF	0.00000	4,108,696
CF	0.00001	39,704,311
DF	0.00003	78,347,492
EF	0.00163	4,588,497,002
FF	0.00146	4,125,634,219
GF	0.00001	33,962,536
HF	0.00002	63,249,924
IF	0.00203	5,731,148,470
JF	0.00000	2,421,784
KF	0.00002	44,759,608
LF	0.00053	1,507,867,867
MF	0.00004	107,664,447
NF	0.00067	1,894,270,041
OF	1.175	33,130,341,561
PF	0.00001	41,022,263
QF	0.00000	947,879
RF	0.00032	909,634,941
SF	0.00017	483,979,931
TF	0.00006	159,626,603
UF	0.00019	522,547,858
VF	0.00000	1,550,317
WF	0.00002	45,330,551
XF	0.00002	52,374,239
YF	0.00001	21,246,637
ZF	0.00000	608,389

AG	0.00205	5,772,552,144
BG	0.00000	7,203,255
CG	0.00001	24,975,673
DG	0.00031	874,188,188
EG	0.00120	3,370,515,965
FG	0.00001	14,424,524
GG	0.00025	697,999,944
HG	0.00000	7,789,748
IG	0.00255	7,189,051,323
JG	0.00000	1,034,900
KG	0.00003	72,267,691
LG	0.00006	171,657,388
MG	0.00001	34,537,023
NG	0.00953	26,871,805,511
OG	0.00094	2,651,165,734
PG	0.00000	13,354,952
QG	0.00000	0
RG	0.00100	2,813,274,913
SG	0.00002	69,588,685
TG	0.00002	55,522,877
UG	0.00128	3,606,562,400
VG	0.00000	2,960,268
WG	0.00000	2,751,783
XG	0.00000	542,548
YG	0.00003	73,102,462
ZG	0.00000	4,726,653

AH	0.00014	384,694,919
BH	0.00001	29,797,934
CH	0.00598	16,854,985,236
DH	0.00005	153,344,431
EH	0.00026	742,240,059
FH	0.00000	5,166,165
GH	0.00228	6,414,827,751
HH	0.00001	14,730,425
IH	0.00002	58,966,344
JH	0.00000	3,541,869
KH	0.00003	89,811,517
LH	0.00002	45,643,026
MH	0.00001	15,033,898
NH	0.00011	306,883,963
OH	0.00021	602,121,281
PH	0.00094	2,661,480,326
QH	0.00000	263,509
RH	0.00015	426,095,630
SH	0.00315	8,888,705,287
TH	3.556	100,272,945,963
UH	0.00001	30,097,154
VH	0.00000	2,691,078
WH	0.00379	10,680,697,684
XH	0.00004	117,618,666
YH	0.00001	14,682,887
ZH	0.00001	18,782,710

AI	0.00316	8,922,759,715
BI	0.00107	3,005,679,357
CI	0.00281	7,936,922,442
DI	0.00493	13,899,990,598
EI	0.00183	5,169,898,489
FI	0.00285	8,024,355,222
GI	0.00152	4,275,639,800
HI	0.00763	21,520,845,924
II	0.00023	642,384,029
JI	0.00003	77,899,882
KI	0.00098	2,759,841,743
LI	0.00624	17,604,626,629
MI	0.00318	8,957,825,538
NI	0.00339	9,564,648,232
OI	0.00088	2,474,275,212
PI	0.00123	3,470,838,749
QI	0.00000	8,954,617
RI	0.00728	20,516,398,905
SI	0.00550	15,509,759,748
TI	1.343	37,856,196,209
UI	0.00101	2,852,182,384
VI	0.00270	7,600,241,898
WI	0.00374	10,557,401,491
XI	0.00039	1,111,463,633
YI	0.00029	812,619,095
ZI	0.00012	341,671,190

AJ	0.00012	331,384,552
BJ	0.00023	654,853,039
CJ	0.00000	2,962,048
DJ	0.00005	134,832,736
EJ	0.00005	128,194,584
FJ	0.00000	2,065,436
GJ	0.00000	1,093,028
HJ	0.00000	1,282,370
IJ	0.00001	31,324,465
JJ	0.00000	2,979,950
KJ	0.00000	3,471,162
LJ	0.00000	3,169,833
MJ	0.00000	2,923,325
NJ	0.00011	312,598,990
OJ	0.00007	196,696,657
PJ	0.00000	2,810,773
QJ	0.00000	236,928
RJ	0.00001	15,598,009
SJ	0.00000	7,621,847
TJ	0.00000	3,169,658
UJ	0.00001	14,548,024
VJ	0.00000	724,370
WJ	0.00000	914,179
XJ	0.00000	511,074
YJ	0.00000	561,334
ZJ	0.00000	309,029

AK	0.00105	2,952,167,845
BK	0.00000	2,639,491
CK	0.00118	3,316,660,134
DK	0.00000	9,494,027
EK	0.00016	464,449,289
FK	0.00000	3,293,208
GK	0.00000	7,338,894
HK	0.00000	6,595,610
IK	0.00043	1,209,994,695
JK	0.00000	1,740,133
KK	0.00000	12,782,664
LK	0.00020	555,883,002
MK	0.00000	3,956,883
NK	0.00052	1,455,100,124
OK	0.00064	1,813,376,076
PK	0.00001	23,099,462
QK	0.00000	0
RK	0.00097	2,736,041,446
SK	0.00039	1,112,771,273
TK	0.00000	13,081,991
UK	0.00005	129,819,900
VK	0.00000	337,545
WK	0.00001	30,095,733
XK	0.00000	281,255
YK	0.00000	9,292,584
ZK	0.00000	906,537

AL	1.087	30,662,410,438
BL	0.00233	6,581,097,936
CL	0.00149	4,201,617,719
DL	0.00032	911,886,482
EL	0.00530	14,952,716,079
FL	0.00065	1,830,098,844
GL	0.00061	1,709,752,272
HL	0.00013	355,049,620
IL	0.00432	12,167,821,320
JL	0.00000	3,192,327
KL	0.00011	298,033,281
LL	0.00577	16,257,360,474
ML	0.00005	129,888,836
NL	0.00064	1,798,491,132
OL	0.00365	10,305,660,447
PL	0.00263	7,415,349,106
QL	0.00000	6,708,919
RL	0.00086	2,432,373,251
SL	0.00056	1,575,646,777
TL	0.00098	2,775,935,006
UL	0.00346	9,751,225,781
VL	0.00000	11,621,019
WL	0.00015	429,185,823
XL	0.00001	16,728,256
YL	0.00015	416,082,307
ZL	0.00001	35,456,851

AM	0.00285	8,032,259,916
BM	0.00003	88,228,719
CM	0.00003	75,144,874
DM	0.00018	512,522,701
EM	0.00374	10,536,054,813
FM	0.00001	19,340,776
GM	0.00010	277,966,576
HM	0.00013	359,316,447
IM	0.00318	8,959,759,181
JM	0.00000	3,659,540
KM	0.00002	50,449,220
LM	0.00023	649,112,313
MM	0.00096	2,708,822,249
NM	0.00028	782,441,941
OM	0.00546	15,402,602,484
PM	0.00016	449,910,017
QM	0.00000	989,868
RM	0.00175	4,938,158,020
SM	0.00065	1,838,392,669
TM	0.00026	746,621,025
UM	0.00138	3,901,923,211
VM	0.00000	3,178,223
WM	0.00001	30,732,232
XM	0.00000	6,569,222
YM	0.00024	667,551,857
ZM	0.00000	4,713,608

AN	1.985	55,974,567,611
BN	0.00002	59,062,122
CN	0.00001	24,249,641
DN	0.00008	213,431,654
EN	1.454	41,004,903,554
FN	0.00000	11,823,066
GN	0.00066	1,850,801,359
HN	0.00026	726,288,117
IN	2.433	68,595,215,308
JN	0.00000	4,150,888
KN	0.00051	1,450,401,608
LN	0.00006	165,509,578
MN	0.00009	247,850,339
NN	0.00073	2,051,719,074
ON	1.758	49,570,981,965
PN	0.00001	33,536,129
QN	0.00000	1,859,810
RN	0.00160	4,521,640,992
SN	0.00009	258,702,825
TN	0.00010	282,266,629
UN	0.00394	11,121,118,166
VN	0.00000	4,317,772
WN	0.00079	2,227,183,930
XN	0.00000	1,613,611
YN	0.00013	372,595,315
ZN	0.00000	4,300,522

AO	0.00005	130,442,323
BO	0.00195	5,509,918,152
CO	0.00794	22,384,167,777
DO	0.00188	5,307,591,560
EO	0.00073	2,044,268,477
FO	0.00488	13,753,006,196
GO	0.00132	3,725,558,729
HO	0.00485	13,672,603,513
IO	0.00835	23,542,263,265
JO	0.00054	1,516,687,319
KO	0.00006	171,324,962
LO	0.00387	10,908,830,081
MO	0.00337	9,498,813,191
NO	0.00465	13,099,447,521
OO	0.00210	5,928,601,045
PO	0.00361	10,189,505,383
QO	0.00000	1,324,363
RO	0.00727	20,491,179,118
SO	0.00398	11,214,705,934
TO	1.041	29,360,205,581
UO	0.00011	300,484,143
VO	0.00071	2,004,982,879
WO	0.00222	6,252,724,050
XO	0.00003	76,097,183
YO	0.00150	4,226,720,021
ZO	0.00007	202,480,511

AP	0.00203	5,719,570,727
BP	0.00001	15,427,250
CP	0.00001	37,067,423
DP	0.00002	48,855,638
EP	0.00172	4,837,800,987
FP	0.00000	6,262,895
GP	0.00000	11,612,944
HP	0.00001	16,696,129
IP	0.00089	2,515,455,253
JP	0.00000	6,129,447
KP	0.00001	20,492,678
LP	0.00019	536,595,562
MP	0.00239	6,743,935,008
NP	0.00006	170,186,564
OP	0.00224	6,313,536,754
PP	0.00137	3,850,125,519
QP	0.00000	272,180
RP	0.00042	1,173,542,093
SP	0.00191	5,392,724,233
TP	0.00004	121,089,391
UP	0.00136	3,835,093,459
VP	0.00000	5,510,046
WP	0.00001	20,982,546
XP	0.00067	1,885,334,638
YP	0.00025	702,499,946
ZP	0.00000	1,361,846

AQ	0.00002	63,283,982
BQ	0.00000	346,506
CQ	0.00005	154,363,546
DQ	0.00001	19,927,900
EQ	0.00057	1,614,312,175
FQ	0.00000	149,430
GQ	0.00000	345,624
HQ	0.00000	11,925,353
IQ	0.00011	318,727,904
JQ	0.00000	0
KQ	0.00000	187,242
LQ	0.00000	3,582,930
MQ	0.00000	708,424
NQ	0.00006	167,770,304
OQ	0.00001	29,227,658
PQ	0.00000	1,075,049
QQ	0.00000	1,712,219
RQ	0.00001	28,152,573
SQ	0.00007	209,894,196
TQ	0.00000	2,517,400
UQ	0.00000	7,235,727
VQ	0.00000	212,856
WQ	0.00000	0
XQ	0.00000	8,225,536
YQ	0.00000	384,882
ZQ	0.00000	913,036

AR	1.075	30,308,513,014
BR	0.00112	3,145,611,704
CR	0.00149	4,214,150,542
DR	0.00085	2,409,399,231
ER	2.048	57,754,162,106
FR	0.00213	6,011,200,185
GR	0.00197	5,548,472,398
HR	0.00084	2,379,584,978
IR	0.00315	8,886,799,024
JR	0.00000	6,846,578
KR	0.00003	76,743,394
LR	0.00010	283,411,884
MR	0.00003	87,580,303
NR	0.00009	258,048,421
OR	1.277	35,994,097,756
PR	0.00474	13,378,480,175
QR	0.00000	1,744,325
RR	0.00121	3,404,547,067
SR	0.00006	168,896,339
TR	0.00426	12,006,693,396
UR	0.00543	15,303,657,594
VR	0.00001	24,701,238
WR	0.00031	867,361,010
XR	0.00000	907,409
YR	0.00008	219,696,469
ZR	0.00000	5,320,518

AS	0.00871	24,561,944,198
BS	0.00046	1,292,319,275
CS	0.00023	643,530,723
DS	0.00126	3,560,125,353
ES	1.339	37,766,388,079
FS	0.00006	155,349,948
GS	0.00051	1,443,474,876
HS	0.00015	414,044,112
IS	1.128	31,817,918,249
JS	0.00000	3,329,038
KS	0.00048	1,339,590,722
LS	0.00142	3,990,203,351
MS	0.00093	2,617,582,287
NS	0.00509	14,350,320,288
OS	0.00290	8,176,085,241
PS	0.00055	1,538,723,474
QS	0.00000	4,448,602
RS	0.00397	11,180,732,354
SS	0.00405	11,421,755,201
TS	0.00337	9,516,029,773
US	0.00454	12,808,517,567
VS	0.00001	16,263,248
WS	0.00035	989,253,674
XS	0.00000	1,804,740
YS	0.00097	2,730,343,336
ZS	0.00000	8,395,904

AT	1.487	41,920,838,452
BT	0.00017	482,272,940
CT	0.00461	12,997,849,406
DT	0.00003	81,648,332
ET	0.00413	11,634,161,334
FT	0.00082	2,302,659,749
GT	0.00015	434,302,509
HT	0.00130	3,670,802,795
IT	1.123	31,672,532,308
JT	0.00000	2,917,850
KT	0.00001	29,132,180
LT	0.00124	3,486,149,365
MT	0.00001	38,538,709
NT	1.041	29,359,771,944
OT	0.00442	12,465,822,481
PT	0.00106	2,982,699,529
QT	0.00000	1,385,505
RT	0.00362	10,198,055,461
ST	1.053	29,704,461,829
TT	0.00171	4,812,693,687
UT	0.00405	11,423,899,818
VT	0.00000	6,181,932
WT	0.00007	184,446,342
XT	0.00047	1,315,669,490
YT	0.00017	470,429,861
ZT	0.00000	6,627,349

AU	0.00119	3,356,322,923
BU	0.00185	5,214,802,738
CU	0.00163	4,585,165,906
DU	0.00148	4,186,093,215
EU	0.00031	878,402,090
FU	0.00096	2,706,168,901
GU	0.00086	2,418,410,978
HU	0.00074	2,077,887,429
IU	0.00017	490,874,936
JU	0.00059	1,655,210,582
KU	0.00003	85,313,841
LU	0.00135	3,811,884,104
MU	0.00115	3,231,856,188
NU	0.00079	2,217,508,482
OU	0.00870	24,531,132,241
PU	0.00105	2,947,681,332
QU	0.00148	4,160,167,957
RU	0.00128	3,618,438,291
SU	0.00311	8,774,129,154
TU	0.00255	7,187,510,085
UU	0.00001	22,006,895
VU	0.00002	62,384,927
WU	0.00001	19,601,657
XU	0.00005	134,528,161
YU	0.00001	37,436,235
ZU	0.00002	60,692,846

AV	0.00205	5,778,409,728
BV	0.00004	108,385,069
CV	0.00000	5,869,407
DV	0.00019	537,221,821
EV	0.00255	7,184,041,787
FV	0.00000	807,297
GV	0.00000	1,192,366
HV	0.00000	6,292,998
IV	0.00288	8,116,349,309
JV	0.00000	1,719,726
KV	0.00000	4,414,960
LV	0.00035	984,229,060
MV	0.00000	8,172,535
NV	0.00052	1,466,426,243
OV	0.00178	5,021,440,160
PV	0.00000	6,222,096
QV	0.00000	635,514
RV	0.00069	1,953,555,667
SV	0.00001	35,005,005
TV	0.00001	32,805,751
UV	0.00003	82,252,351
VV	0.00000	2,622,571
WV	0.00000	389,123
XV	0.00002	55,076,715
YV	0.00000	5,115,763
ZV	0.00000	4,618,705

AW	0.00060	1,689,436,638
BW	0.00000	8,319,869
CW	0.00000	3,909,223
DW	0.00008	230,152,384
EW	0.00117	3,293,529,190
FW	0.00000	6,451,511
GW	0.00001	18,260,884
HW	0.00005	134,615,178
IW	0.00001	17,611,969
JW	0.00000	1,165,914
KW	0.00002	61,416,538
LW	0.00013	356,374,125
MW	0.00001	16,465,357
NW	0.00006	163,456,000
OW	0.00330	9,318,366,591
PW	0.00001	34,037,460
QW	0.00000	163,292
RW	0.00013	359,714,599
SW	0.00024	663,415,953
TW	0.00082	2,322,619,238
UW	0.00000	7,824,504
VW	0.00000	742,188
WW	0.00000	7,377,619
XW	0.00000	6,292,525
YW	0.00003	95,070,267
ZW	0.00000	6,279,286

AX	0.00019	531,206,960
BX	0.00000	778,622
CX	0.00000	876,736
DX	0.00000	1,296,277
EX	0.00214	6,035,335,807
FX	0.00000	812,116
GX	0.00000	557,030
HX	0.00000	263,997
IX	0.00022	621,227,893
JX	0.00000	161,750
KX	0.00000	555,422
LX	0.00000	8,612,462
MX	0.00000	994,334
NX	0.00003	73,899,576
OX	0.00019	523,764,012
PX	0.00000	1,473,468
QX	0.00000	159,505
RX	0.00001	32,990,613
SX	0.00000	503,772
TX	0.00000	3,328,898
UX	0.00004	110,947,766
VX	0.00000	449,854
WX	0.00000	150,637
XX	0.00003	79,068,246
YX	0.00000	4,211,192
ZX	0.00000	108,224

AY	0.00217	6,128,842,727
BY	0.00176	4,975,814,759
CY	0.00042	1,176,324,279
DY	0.00050	1,421,751,251
EY	0.00144	4,053,144,855
FY	0.00009	256,535,008
GY	0.00026	731,420,025
HY	0.00050	1,412,343,465
IY	0.00000	6,247,588
JY	0.00000	1,120,221
KY	0.00006	167,761,726
LY	0.00425	11,983,948,242
MY	0.00062	1,753,447,198
NY	0.00098	2,760,941,827
OY	0.00036	1,020,190,223
PY	0.00012	331,698,156
QY	0.00000	0
RY	0.00248	6,985,436,186
SY	0.00057	1,602,829,285
TY	0.00227	6,408,447,994
UY	0.00005	128,782,521
VY	0.00005	138,085,211
WY	0.00002	68,368,953
XY	0.00003	72,645,837
YY	0.00000	1,993,017
ZY	0.00002	66,473,188

AZ	0.00012	334,669,428
BZ	0.00000	1,007,374
CZ	0.00001	20,601,701
DZ	0.00000	2,200,704
EZ	0.00005	127,540,198
FZ	0.00000	263,860
GZ	0.00000	3,431,194
HZ	0.00000	10,729,982
IZ	0.00064	1,814,164,135
JZ	0.00000	220,675
KZ	0.00000	150,760
LZ	0.00000	11,767,790
MZ	0.00000	970,282
NZ	0.00004	123,192,934
OZ	0.00003	97,904,996
PZ	0.00000	6,382,200
QZ	0.00000	0
RZ	0.00001	17,993,128
SZ	0.00000	7,041,052
TZ	0.00004	108,527,540
UZ	0.00002	53,873,803
VZ	0.00000	501,189
WZ	0.00000	0
XZ	0.00000	136,521
YZ	0.00002	51,097,953
ZZ	0.00003	75,012,595
